1
0
11
0
(2 0
((0,0) (63,63) (0,0))
((64,0) (127,63) (0,0))
)
2
FabOnDisk: SD_0_New_MF_D_0000 0
FabOnDisk: SD_0_New_MF_D_0000 360531

2,11
1.759715802242323e-05,-1.129957778424252e+11,-4.418718611848921e+11,0.000000000000000e+00,2.101121910223729e+19,1.763397350503187e+19,2.195659923920745e+08,1.826231821157376e-06,1.759715802242323e-15,1.759715802242323e-15,1.601922183400457e-13,
1.893116435625189e-05,-8.089415489468640e+10,-5.964272220478813e+10,0.000000000000000e+00,3.313189792940897e+19,3.284663063143063e+19,2.565921107580248e+08,4.822859433530931e-06,1.893116435625187e-15,1.893116435625187e-15,6.088693319345201e-15,

2,11
3.495997877386243e+06,8.448608271038506e+10,7.478625270680796e+14,0.000000000000000e+00,3.842817860405572e+23,3.044096774876676e+23,7.797490184076090e+08,3.582552927224049e-04,3.495997877386238e-04,3.495997877386238e-04,3.495997877377588e+06,
3.495050393568388e+06,8.022344299071869e+10,7.478643373458156e+14,0.000000000000000e+00,3.838736422103562e+23,3.039126104360674e+23,7.513773455264142e+08,3.581475464072919e-04,3.495050393568396e-04,3.495050393568396e-04,3.495050393559742e+06,

