CheckPointVersion_1.0
2
5.4813013600412055e-05
0
0
(0 (0,0)(7812.5,7812.5) 1)
(RealBox 0 1000000 0 500000 )((0,0) (127,63) (0,0)) 

7.3126791070828946e-09 
7.3126791070828946e-09 
1 
8000 
8000 
0
(0 (0,0)(7812.5,7812.5) 1)
(RealBox 0 1000000 0 500000 )((0,0) (127,63) (0,0))
(2 0
((0,0) (63,63) (0,0))
((64,0) (127,63) (0,0))
)4
((0,0) (127,63) (0,0))
(2 0
((0,0) (63,63) (0,0))
((64,0) (127,63) (0,0))
)5.4805700921304973e-05
5.4805700921304973e-05
5.4813013600412055e-05
5.4813013600412055e-05
1
Level_0/SD_0_New_MF
((0,0) (127,63) (0,0))
(2 0
((0,0) (63,63) (0,0))
((64,0) (127,63) (0,0))
)5.4805700921304973e-05
5.4805700921304973e-05
5.4813013600412055e-05
5.4813013600412055e-05
1
Level_0/SD_1_New_MF
((0,0) (127,63) (0,0))
(2 0
((0,0) (63,63) (0,0))
((64,0) (127,63) (0,0))
)5.4805700921304973e-05
5.4805700921304973e-05
5.4813013600412055e-05
5.4813013600412055e-05
0
((0,0) (127,63) (0,0))
(2 0
((0,0) (63,63) (0,0))
((64,0) (127,63) (0,0))
)5.4805700921304973e-05
5.4805700921304973e-05
5.4813013600412055e-05
5.4813013600412055e-05
0
