1
0
47
0
(2 0
((0,0) (63,63) (0,0))
((64,0) (127,63) (0,0))
)
2
FabOnDisk: Cell_D_0000 0
FabOnDisk: Cell_D_0000 1540179

2,47
1.871487780508581e-05,-3.327607111259073e+11,-4.497004757563824e+15,0.000000000000000e+00,3.490697266801943e+19,3.114978088666563e+19,2.526568699611503e+08,2.511930445355408e-06,1.871487780508585e-15,1.871487780508585e-15,6.910911615548161e-14,0.000000000000000e+00,0.000000000000000e+00,-2.000000000000000e+14,0.000000000000000e+00,0.000000000000000e+00,0.000000000000000e+00,0.000000000000000e+00,0.000000000000000e+00,0.000000000000000e+00,0.000000000000000e+00,1.048003572893937e+19,1.465943872853854e+12,2.517878591845241e+08,4.079143851303193e-04,1.445240298618321e+08,2.715943771388993e-06,-2.761871402065266e+05,1.159642373216822e+17,1.159642373216822e+17,-4.727813004176073e+00,1.871487780508581e-05,1.009730765485606e-10,9.999999999999854e-11,9.999999999999854e-11,1.471972383566691e-09,-6.385299134067508e+10,-6.682202552004145e+10,0.000000000000000e+00,4.036813512221029e+07,-5.689239353742278e+10,1.665509468114706e+04,2.000000000000000e+14,1.009730765485606e-10,9.999999999999854e-11,9.999999999999854e-11,1.471972383566691e-09,
1.927748248200531e-05,-2.408529838953141e+11,-4.495640921230288e+15,0.000000000000000e+00,3.669107911982375e+19,3.668037739894918e+19,2.638691953935100e+08,4.315528735549687e-06,1.927748248200531e-15,1.927748248200531e-15,5.328953640662031e-09,0.000000000000000e+00,0.000000000000000e+00,-2.000000000000000e+14,0.000000000000000e+00,0.000000000000000e+00,0.000000000000000e+00,0.000000000000000e+00,0.000000000000000e+00,0.000000000000000e+00,0.000000000000000e+00,1.222724009756079e+19,7.423478849994156e+12,2.514989705727770e+08,8.985692083521533e-04,1.445241043030025e+08,2.139826392987594e-03,-2.810859302150921e+05,1.156477076869642e+17,1.156477076869641e+17,-4.714949682858604e+00,1.927748248200531e-05,1.009772356011407e-10,9.999999999999894e-11,9.999999999999894e-11,2.738266521976509e-04,-4.916754293575067e+10,-7.338191383628996e+10,0.000000000000000e+00,2.651123908479949e+08,-4.935328646867765e+10,3.670490393824375e+04,2.000000000000000e+14,1.009772356011407e-10,9.999999999999894e-11,9.999999999999894e-11,2.738266521976509e-04,

2,47
9.158111520486068e+06,3.039488434044514e+11,1.794190947239220e+08,0.000000000000000e+00,3.633509042744147e+24,2.529392334283794e+24,2.475577153276851e+09,9.247776076424576e-04,9.158111520486061e-04,9.158111520486061e-04,9.158111520477120e+06,0.000000000000000e+00,0.000000000000000e+00,-2.000000000000000e+14,0.000000000000000e+00,0.000000000000000e+00,0.000000000000000e+00,0.000000000000000e+00,0.000000000000000e+00,0.000000000000000e+00,0.000000000000000e+00,1.187941128650230e+24,1.104116708460353e+24,9.692354009355551e+11,3.037865985944454e+00,1.047580738843223e+16,6.234544668825841e+06,2.368273864443125e+05,2.113691538127457e+24,2.113691538127457e+24,6.961805927730315e+00,9.158111520486068e+06,9.999999986280258e-01,1.000000000000012e-10,1.000000000000012e-10,9.999999999990306e-01,1.041230101271468e+11,8.846240907421272e+10,0.000000000000000e+00,1.139624271956930e+11,1.124299297916333e+11,4.497004758423976e+15,2.000000000000000e+14,9.999999986280258e-01,1.000000000000012e-10,1.000000000000012e-10,9.999999999990306e-01,
9.156888564475657e+06,1.937411841872069e+11,4.539961741831245e+07,0.000000000000000e+00,3.631796044230934e+24,2.528288798553627e+24,2.474462565988739e+09,9.247967398114785e-04,9.156888564475678e-04,9.156888564475678e-04,9.156888564466625e+06,0.000000000000000e+00,0.000000000000000e+00,-2.000000000000000e+14,0.000000000000000e+00,0.000000000000000e+00,0.000000000000000e+00,0.000000000000000e+00,0.000000000000000e+00,0.000000000000000e+00,0.000000000000000e+00,1.187492374745079e+24,1.103583774714724e+24,9.653469556646797e+11,3.117612593303810e+00,1.033716518999064e+16,6.346547231445447e+06,2.018681730213575e+05,2.096766124773961e+24,2.096766124773961e+24,6.961747929035774e+00,9.156888564475657e+06,9.997261734478322e-01,1.000000000000014e-10,1.000000000000014e-10,9.999999999990232e-01,9.109018403255818e+10,6.583831073536325e+10,0.000000000000000e+00,9.117606673837891e+10,9.058677534120200e+10,4.495640921298349e+15,2.000000000000000e+14,9.997261734478322e-01,1.000000000000014e-10,1.000000000000014e-10,9.999999999990232e-01,

