1
0
11
0
(2 0
((0,0) (63,63) (0,0))
((64,0) (127,63) (0,0))
)
2
FabOnDisk: SD_0_New_MF_D_0000 0
FabOnDisk: SD_0_New_MF_D_0000 360531

2,11
1.928250718124766e-05,-4.642518033001960e+11,-1.349662950929385e+16,0.000000000000000e+00,3.206689436294920e+19,3.155798865365255e+19,2.541239728882658e+08,1.490300458900031e-06,1.928250718124766e-15,1.928250718124766e-15,1.960510441110506e-13,
1.932290719245531e-05,-3.728578521632158e+11,-1.349550797607665e+16,0.000000000000000e+00,3.721519459523632e+19,3.714132501568351e+19,2.646931098205479e+08,2.845140330151893e-06,1.932290719245536e-15,1.932290719245536e-15,2.508465995176495e-08,

2,11
1.289855712744452e+07,3.944701245502145e+11,3.748828953109008e+06,0.000000000000000e+00,1.675298036854490e+25,9.691620452150908e+24,4.465746866534893e+09,1.302774412130390e-03,1.289855712744454e-03,1.289855712744454e-03,1.289855712743292e+07,
1.289840997240137e+07,3.387121386272090e+11,7.061365918985879e+06,0.000000000000000e+00,1.675036514342528e+25,9.690160284544522e+24,4.465500323027608e+09,1.305735005470796e-03,1.289840997240135e-03,1.289840997240135e-03,1.289840997238800e+07,

