CheckPointVersion_1.0
2
4.750668860976852e-05
0
0
(0 (0,0)(7812.5,7812.5) 1)
(RealBox 0 1000000 0 500000 )((0,0) (127,63) (0,0)) 

7.2893611076846023e-09 
7.2893611076846023e-09 
1 
7000 
7000 
0
(0 (0,0)(7812.5,7812.5) 1)
(RealBox 0 1000000 0 500000 )((0,0) (127,63) (0,0))
(2 0
((0,0) (63,63) (0,0))
((64,0) (127,63) (0,0))
)4
((0,0) (127,63) (0,0))
(2 0
((0,0) (63,63) (0,0))
((64,0) (127,63) (0,0))
)4.7499399248660838e-05
4.7499399248660838e-05
4.750668860976852e-05
4.750668860976852e-05
1
Level_0/SD_0_New_MF
((0,0) (127,63) (0,0))
(2 0
((0,0) (63,63) (0,0))
((64,0) (127,63) (0,0))
)4.7499399248660838e-05
4.7499399248660838e-05
4.750668860976852e-05
4.750668860976852e-05
1
Level_0/SD_1_New_MF
((0,0) (127,63) (0,0))
(2 0
((0,0) (63,63) (0,0))
((64,0) (127,63) (0,0))
)4.7499399248660838e-05
4.7499399248660838e-05
4.750668860976852e-05
4.750668860976852e-05
0
((0,0) (127,63) (0,0))
(2 0
((0,0) (63,63) (0,0))
((64,0) (127,63) (0,0))
)4.7499399248660838e-05
4.7499399248660838e-05
4.750668860976852e-05
4.750668860976852e-05
0
