1
0
47
0
(2 0
((0,0) (63,63) (0,0))
((64,0) (127,63) (0,0))
)
2
FabOnDisk: Cell_D_0000 0
FabOnDisk: Cell_D_0000 1540179

2,47
1.930324614515876e-05,-4.224152864438565e+11,-1.213768483305440e+16,0.000000000000000e+00,3.927436029194895e+19,3.872207668074745e+19,2.674603826269944e+08,1.188688635872437e-06,1.930324614515887e-15,1.930324614515887e-15,1.260631080138478e-12,0.000000000000000e+00,0.000000000000000e+00,-2.000000000000000e+14,0.000000000000000e+00,0.000000000000000e+00,0.000000000000000e+00,0.000000000000000e+00,0.000000000000000e+00,0.000000000000000e+00,0.000000000000000e+00,1.290895054501039e+19,2.526223424645481e+09,3.518627535444360e+08,1.678436731716438e-05,5.148756730765389e+08,7.365227534880659e-03,-8.318184477937555e+04,2.539588392288722e+17,2.539588392288722e+17,-4.714369651386804e+00,1.930324614515876e-05,1.010266291439204e-10,9.999999999999840e-11,9.999999999999840e-11,2.674913435597410e-08,-8.332046675847248e+09,-6.017951783376281e+09,0.000000000000000e+00,1.097195678483966e+07,-6.173349657970713e+09,4.604873085420921e+02,2.000000000000000e+14,1.010266291439204e-10,9.999999999999840e-11,9.999999999999840e-11,2.674913435597410e-08,
1.947511001590789e-05,-4.397314079919410e+11,-1.213749635540130e+16,0.000000000000000e+00,3.997772482487235e+19,3.986598475486846e+19,2.694214018857841e+08,1.830556859810159e-06,1.947511001590785e-15,1.947511001590785e-15,2.609318307969101e-08,0.000000000000000e+00,0.000000000000000e+00,-2.000000000000000e+14,0.000000000000000e+00,0.000000000000000e+00,0.000000000000000e+00,0.000000000000000e+00,0.000000000000000e+00,0.000000000000000e+00,0.000000000000000e+00,1.328901205610857e+19,8.385020831374521e+10,3.364588295297470e+08,9.638509615783612e-05,5.148862456544920e+08,1.198103258208860e-01,-8.185180079300451e+04,2.318143827604268e+17,2.318143827604268e+17,-4.710520080296385e+00,1.947511001590789e-05,1.016157621624082e-10,9.999999999999828e-11,9.999999999999828e-11,1.256779701271705e-03,-6.570312563163973e+09,-8.281748052764775e+09,0.000000000000000e+00,3.934530489315806e+07,-5.947794660239315e+09,4.262272641751790e+03,2.000000000000000e+14,1.016157621624082e-10,9.999999999999828e-11,9.999999999999828e-11,1.256779701271705e-03,

2,47
9.883374663522482e+06,4.361396295244889e+11,3.586448660582176e+05,0.000000000000000e+00,2.663559324771514e+25,1.918323507213484e+25,5.589156965199472e+09,1.013266252746605e-03,9.883374663522508e-04,9.883374663522508e-04,9.883374663507838e+06,0.000000000000000e+00,0.000000000000000e+00,-2.000000000000000e+14,0.000000000000000e+00,0.000000000000000e+00,0.000000000000000e+00,0.000000000000000e+00,0.000000000000000e+00,0.000000000000000e+00,0.000000000000000e+00,6.673257531344817e+24,7.453686399722122e+24,9.645232937394175e+11,5.217056584688794e+00,1.032411852953513e+16,4.692898412912015e+05,3.484017106418843e+04,2.093189466843608e+24,2.093189466843608e+24,6.994905259112378e+00,9.883374663522482e+06,9.999999733508671e-01,1.000000000000016e-10,1.000000000000016e-10,9.999999999989749e-01,7.670740036848429e+09,8.183264275312678e+09,0.000000000000000e+00,8.847757777044388e+09,7.963185642613730e+09,1.213768483305442e+16,2.000000000000000e+14,9.999999733508671e-01,1.000000000000016e-10,1.000000000000016e-10,9.999999999989749e-01,
9.883476108581016e+06,1.045097897740149e+11,7.631746214174652e+05,0.000000000000000e+00,2.663586734215764e+25,1.918343318215563e+25,5.589168322129421e+09,1.039044339754333e-03,9.883476108581018e-04,9.883476108581018e-04,9.883476108536731e+06,0.000000000000000e+00,0.000000000000000e+00,-2.000000000000000e+14,0.000000000000000e+00,0.000000000000000e+00,0.000000000000000e+00,0.000000000000000e+00,0.000000000000000e+00,0.000000000000000e+00,0.000000000000000e+00,6.673338175258135e+24,7.453294674344892e+24,9.619445115256794e+11,5.659659344162472e+00,1.025998071898255e+16,4.151793475051575e+05,2.688705528841274e+04,2.082011611726625e+24,2.082011611726625e+24,6.994909716780384e+00,9.883476108581016e+06,9.987432203983774e-01,1.000000000000012e-10,1.000000000000012e-10,9.999999999983876e-01,8.055686991942359e+09,9.319296941952375e+09,0.000000000000000e+00,9.337603546544279e+09,8.312931099666056e+09,1.213749635548210e+16,2.000000000000000e+14,9.987432203983774e-01,1.000000000000012e-10,1.000000000000012e-10,9.999999999983876e-01,

