1
0
11
0
(2 0
((0,0) (63,63) (0,0))
((64,0) (127,63) (0,0))
)
2
FabOnDisk: SD_0_New_MF_D_0000 0
FabOnDisk: SD_0_New_MF_D_0000 360531

2,11
1.984196924289718e-05,-4.846781223707828e+14,-8.590073585857662e+15,0.000000000000000e+00,4.105130353915928e+19,4.088987350096778e+19,2.711289161582479e+08,2.436435528529304e-06,1.984196924289725e-15,1.984196924289725e-15,2.984295464801411e-12,
1.976492396473222e-05,-5.570011386814494e+14,-1.552386240066146e+15,0.000000000000000e+00,4.092881379054022e+19,4.088717500077004e+19,2.711182315335501e+08,4.044667834161536e-06,1.976492396473220e-15,1.976492396473220e-15,2.641443553029382e-08,

2,11
9.715928018236568e+06,5.512975944724732e+14,1.972522718288624e+14,0.000000000000000e+00,2.486022108653229e+25,2.106288057922441e+25,5.726497179557086e+09,9.814912462464023e-04,9.715928018236581e-04,9.715928018236581e-04,9.715928018226659e+06,
5.496147227197793e+06,5.802208400424612e+13,1.957329329924688e+14,0.000000000000000e+00,1.464565636730904e+25,1.437597293948066e+25,5.248129958437004e+09,5.554392011334150e-04,5.496147227197785e-04,5.496147227197785e-04,5.496147227191977e+06,

