CheckPointVersion_1.0
2
3.2960567839783355e-05
0
0
(0 (0,0)(7812.5,7812.5) 1)
(RealBox 0 1000000 0 500000 )((0,0) (127,63) (0,0)) 

7.2792309551047063e-09 
7.2792309551047063e-09 
1 
5000 
5000 
0
(0 (0,0)(7812.5,7812.5) 1)
(RealBox 0 1000000 0 500000 )((0,0) (127,63) (0,0))
(2 0
((0,0) (63,63) (0,0))
((64,0) (127,63) (0,0))
)4
((0,0) (127,63) (0,0))
(2 0
((0,0) (63,63) (0,0))
((64,0) (127,63) (0,0))
)3.295328860882825e-05
3.295328860882825e-05
3.2960567839783355e-05
3.2960567839783355e-05
1
Level_0/SD_0_New_MF
((0,0) (127,63) (0,0))
(2 0
((0,0) (63,63) (0,0))
((64,0) (127,63) (0,0))
)3.295328860882825e-05
3.295328860882825e-05
3.2960567839783355e-05
3.2960567839783355e-05
1
Level_0/SD_1_New_MF
((0,0) (127,63) (0,0))
(2 0
((0,0) (63,63) (0,0))
((64,0) (127,63) (0,0))
)3.295328860882825e-05
3.295328860882825e-05
3.2960567839783355e-05
3.2960567839783355e-05
0
((0,0) (127,63) (0,0))
(2 0
((0,0) (63,63) (0,0))
((64,0) (127,63) (0,0))
)3.295328860882825e-05
3.295328860882825e-05
3.2960567839783355e-05
3.2960567839783355e-05
0
