1
0
47
0
(2 0
((0,0) (63,63) (0,0))
((64,0) (127,63) (0,0))
)
2
FabOnDisk: Cell_D_0000 0
FabOnDisk: Cell_D_0000 1540179

2,47
1.000000000000000e-05,0.000000000000000e+00,0.000000000000000e+00,0.000000000000000e+00,7.569263289546144e+17,7.569263289546144e+17,1.000110615707807e+08,1.000000000000000e-05,1.000000000000000e-15,1.000000000000000e-15,1.000000082740371e-15,0.000000000000000e+00,0.000000000000000e+00,-2.000000000000000e+14,0.000000000000000e+00,0.000000000000000e+00,0.000000000000000e+00,0.000000000000000e+00,0.000000000000000e+00,0.000000000000000e+00,0.000000000000000e+00,2.523088070699855e+17,0.000000000000000e+00,1.834153082131749e+11,0.000000000000000e+00,1.009125111482513e+15,0.000000000000000e+00,-6.400000000000000e-05,7.569263289546144e+22,7.569263289546144e+22,-5.000000000000000e+00,1.000000000000000e-05,1.000000000000000e+00,1.000000000000000e-10,1.000000000000000e-10,1.000000082740371e-10,0.000000000000000e+00,0.000000000000000e+00,0.000000000000000e+00,0.000000000000000e+00,0.000000000000000e+00,0.000000000000000e+00,2.000000000000000e+14,1.000000000000000e+00,1.000000000000000e-10,1.000000000000000e-10,1.000000082740371e-10,
1.000000000000000e-05,0.000000000000000e+00,0.000000000000000e+00,0.000000000000000e+00,7.565915101262531e+17,7.565915101262531e+17,1.000000000102793e+08,1.000000000000000e-05,1.000000000000000e-15,1.000000000000000e-15,1.000000082740371e-15,0.000000000000000e+00,0.000000000000000e+00,-2.000000000000000e+14,0.000000000000000e+00,0.000000000000000e+00,0.000000000000000e+00,0.000000000000000e+00,0.000000000000000e+00,0.000000000000000e+00,0.000000000000000e+00,2.521972007905106e+17,0.000000000000000e+00,1.833747377627628e+11,0.000000000000000e+00,1.008790311171938e+15,0.000000000000000e+00,-6.400000000000000e-05,7.565915101262530e+22,7.565915101262530e+22,-5.000000000000000e+00,1.000000000000000e-05,1.000000000000000e+00,1.000000000000000e-10,1.000000000000000e-10,1.000000082740371e-10,0.000000000000000e+00,0.000000000000000e+00,0.000000000000000e+00,0.000000000000000e+00,0.000000000000000e+00,0.000000000000000e+00,2.000000000000000e+14,1.000000000000000e+00,1.000000000000000e-10,1.000000000000000e-10,1.000000082740371e-10,

2,47
1.000000000000000e-05,0.000000000000000e+00,0.000000000000000e+00,0.000000000000000e+00,3.584131131316624e+20,3.584131131316624e+20,4.664297688135639e+08,1.000000000000000e-05,1.000000000000000e-15,1.000000000000000e-15,1.000000082740371e-15,0.000000000000000e+00,0.000000000000000e+00,-2.000000000000000e+14,0.000000000000000e+00,0.000000000000000e+00,0.000000000000000e+00,0.000000000000000e+00,0.000000000000000e+00,0.000000000000000e+00,0.000000000000000e+00,1.193890197647013e+20,0.000000000000000e+00,3.985958818224634e+12,0.000000000000000e+00,1.024381741635652e+17,9.050966799187808e-05,0.000000000000000e+00,3.584131131316623e+25,3.584131131316624e+25,-5.000000000000000e+00,1.000000000000000e-05,1.000000000000000e+00,1.000000000000000e-10,1.000000000000000e-10,1.000000082740371e-10,0.000000000000000e+00,0.000000000000000e+00,0.000000000000000e+00,0.000000000000000e+00,0.000000000000000e+00,0.000000000000000e+00,2.000000000000000e+14,1.000000000000000e+00,1.000000000000000e-10,1.000000000000000e-10,1.000000082740371e-10,
1.000000000000000e-05,0.000000000000000e+00,0.000000000000000e+00,0.000000000000000e+00,7.568610048351453e+17,7.568610048351453e+17,1.000089037165949e+08,1.000000000000000e-05,1.000000000000000e-15,1.000000000000000e-15,1.000000082740371e-15,0.000000000000000e+00,0.000000000000000e+00,-2.000000000000000e+14,0.000000000000000e+00,0.000000000000000e+00,0.000000000000000e+00,0.000000000000000e+00,0.000000000000000e+00,0.000000000000000e+00,0.000000000000000e+00,2.522870323628414e+17,0.000000000000000e+00,1.834073935058968e+11,0.000000000000000e+00,1.009059793883472e+15,9.050966799187808e-05,0.000000000000000e+00,7.568610048351453e+22,7.568610048351453e+22,-5.000000000000000e+00,1.000000000000000e-05,1.000000000000000e+00,1.000000000000000e-10,1.000000000000000e-10,1.000000082740371e-10,0.000000000000000e+00,0.000000000000000e+00,0.000000000000000e+00,0.000000000000000e+00,0.000000000000000e+00,0.000000000000000e+00,2.000000000000000e+14,1.000000000000000e+00,1.000000000000000e-10,1.000000000000000e-10,1.000000082740371e-10,

