1
0
47
0
(2 0
((0,0) (63,63) (0,0))
((64,0) (127,63) (0,0))
)
2
FabOnDisk: Cell_D_0000 0
FabOnDisk: Cell_D_0000 1540179

2,47
1.933788730008706e-05,-3.245538615637479e+11,-1.522863391771968e+16,0.000000000000000e+00,3.705556398631218e+19,3.690645325747363e+19,2.642724090936840e+08,1.522765368071513e-06,1.933788730008710e-15,1.933788730008710e-15,6.043531008513110e-13,0.000000000000000e+00,0.000000000000000e+00,-2.000000000000000e+14,0.000000000000000e+00,0.000000000000000e+00,0.000000000000000e+00,0.000000000000000e+00,0.000000000000000e+00,0.000000000000000e+00,0.000000000000000e+00,1.230301025313956e+19,1.163070040987906e+11,3.592246383080305e+08,1.135794285362400e-04,4.022423170204214e+08,3.859396887601324e-04,-8.561642732020053e+04,2.651469590884931e+17,2.651469590884930e+17,-4.713590975135821e+00,1.933788730008706e-05,1.008239650076973e-10,9.999999999999847e-11,9.999999999999847e-11,1.273058527112414e-08,-1.445500004479581e+10,-1.335305326480456e+10,0.000000000000000e+00,9.589927268322280e+07,-1.224571318373007e+10,2.425607636941714e+03,2.000000000000000e+14,1.008239650076973e-10,9.999999999999847e-11,9.999999999999847e-11,1.273058527112414e-08,
1.943787159844244e-05,-3.434022077154286e+11,-1.522241739541941e+16,0.000000000000000e+00,3.939486583237421e+19,3.936071583408915e+19,2.685636163447818e+08,2.440329702935691e-06,1.943787159844248e-15,1.943787159844248e-15,2.600165251522473e-08,0.000000000000000e+00,0.000000000000000e+00,-2.000000000000000e+14,0.000000000000000e+00,0.000000000000000e+00,0.000000000000000e+00,0.000000000000000e+00,0.000000000000000e+00,0.000000000000000e+00,0.000000000000000e+00,1.312058892851914e+19,2.177874306139221e+11,3.410572383548831e+08,1.556033933976294e-04,4.022985945657334e+08,1.668105803019453e-01,-8.303157664807652e+04,2.393504742380360e+17,2.393504742380358e+17,-4.711351291038197e+00,1.943787159844244e-05,1.010198420687472e-10,9.999999999999843e-11,9.999999999999843e-11,1.254490372372686e-03,-1.385421119483431e+10,-1.583199732960717e+10,0.000000000000000e+00,1.393661580233609e+08,-8.051492372116872e+09,3.125399073961929e+03,2.000000000000000e+14,1.010198420687472e-10,9.999999999999843e-11,9.999999999999843e-11,1.254490372372686e-03,

2,47
1.122414106341207e+07,3.583869124021547e+11,8.962900656224771e+05,0.000000000000000e+00,2.607124279473474e+25,1.574035847872371e+25,5.277348848522404e+09,1.138699092408229e-03,1.122414106341205e-03,1.122414106341205e-03,1.122414106339580e+07,0.000000000000000e+00,0.000000000000000e+00,-2.000000000000000e+14,0.000000000000000e+00,0.000000000000000e+00,0.000000000000000e+00,0.000000000000000e+00,0.000000000000000e+00,0.000000000000000e+00,0.000000000000000e+00,5.656578123652055e+24,1.033091839476769e+25,9.655876289142018e+11,4.816339143283985e+00,1.033657778275735e+16,1.126442429999788e+06,5.393905817108008e+04,2.097811649845332e+24,2.097811649845332e+24,7.050153116206021e+00,1.122414106341207e+07,9.999999873694174e-01,1.000000000000017e-10,1.000000000000017e-10,9.999999999991795e-01,1.470974370259082e+10,1.987218830237498e+10,0.000000000000000e+00,1.987598143898390e+10,1.698567052633625e+10,1.522863391775169e+16,2.000000000000000e+14,9.999999873694174e-01,1.000000000000017e-10,1.000000000000017e-10,9.999999999991795e-01,
1.122201018337368e+07,2.033942570033937e+11,2.600998275466862e+06,0.000000000000000e+00,2.606402830580445e+25,1.573958608503336e+25,5.277265376171168e+09,1.144570552730614e-03,1.122201018337368e-03,1.122201018337368e-03,1.122201018335929e+07,0.000000000000000e+00,0.000000000000000e+00,-2.000000000000000e+14,0.000000000000000e+00,0.000000000000000e+00,0.000000000000000e+00,0.000000000000000e+00,0.000000000000000e+00,0.000000000000000e+00,0.000000000000000e+00,5.656188934736503e+24,1.032444222077109e+25,9.620264735063247e+11,5.271709520701706e+00,1.026620301820023e+16,9.960995749565798e+05,5.687579063057040e+04,2.082366405275343e+24,2.082366405275343e+24,7.050070658466618e+00,1.122201018337368e+07,9.987455097272780e-01,1.000000000000014e-10,1.000000000000014e-10,9.999999999989790e-01,1.689210556029163e+10,2.206511973828970e+10,0.000000000000000e+00,2.217706869363070e+10,1.751077724904451e+10,1.522241739929281e+16,2.000000000000000e+14,9.987455097272780e-01,1.000000000000014e-10,1.000000000000014e-10,9.999999999989790e-01,

