1
0
47
0
(2 0
((0,0) (63,63) (0,0))
((64,0) (127,63) (0,0))
)
2
FabOnDisk: Cell_D_0000 0
FabOnDisk: Cell_D_0000 1540179

2,47
1.972168079943609e-05,-1.878751597524189e+14,-8.655710015007319e+15,0.000000000000000e+00,4.090535323469123e+19,4.088982467557315e+19,2.711358955902282e+08,1.246969014543968e-06,1.972168079943616e-15,1.972168079943616e-15,2.821762839810710e-12,0.000000000000000e+00,0.000000000000000e+00,-2.000000000000000e+14,0.000000000000000e+00,0.000000000000000e+00,0.000000000000000e+00,0.000000000000000e+00,0.000000000000000e+00,0.000000000000000e+00,0.000000000000000e+00,1.363010415391349e+19,2.076482583817789e+10,3.412760651500808e+08,4.775781541533543e-05,5.595879141903074e+08,3.883253087636512e-02,-2.216147274120540e+05,2.401648124852511e+17,2.401648124852511e+17,-4.705056074647671e+00,1.972168079943609e-05,1.008095459969802e-10,9.999999999999826e-11,9.999999999999826e-11,5.928711342531305e-08,-1.360039674360749e+09,-2.019587201270178e+09,0.000000000000000e+00,2.364261256401684e+07,-1.951959281330001e+09,1.407101208255172e+03,2.000000000000000e+14,1.008095459969802e-10,9.999999999999826e-11,9.999999999999826e-11,5.928711342531305e-08,
1.971212311013778e-05,-4.850775685198064e+14,-4.001407889696882e+15,0.000000000000000e+00,4.091035904474109e+19,4.090812593137665e+19,2.711670729825930e+08,2.260875372372656e-06,1.971212311013783e-15,1.971212311013783e-15,2.635380645842598e-08,0.000000000000000e+00,0.000000000000000e+00,-2.000000000000000e+14,0.000000000000000e+00,0.000000000000000e+00,0.000000000000000e+00,0.000000000000000e+00,0.000000000000000e+00,0.000000000000000e+00,0.000000000000000e+00,1.363604806782308e+19,1.339449440276341e+09,5.641900765933802e+08,1.213309319981766e-05,7.351121445619441e+08,2.103422637283714e-01,-1.966792420886134e+05,6.762514801308508e+17,6.762514801308509e+17,-4.705266597163470e+00,1.971212311013778e-05,1.013097960670467e-10,9.999999999999857e-11,9.999999999999857e-11,1.258295281934011e-03,-1.819964504028536e+09,-1.845905545128393e+09,0.000000000000000e+00,4.154532395850726e+06,-1.803233803169022e+09,2.346886087022866e+02,2.000000000000000e+14,1.013097960670467e-10,9.999999999999857e-11,9.999999999999857e-11,1.258295281934011e-03,

2,47
9.669475665549289e+06,4.758014184682049e+14,2.089892000833492e+14,0.000000000000000e+00,2.493730843251160e+25,2.106319372056555e+25,5.727061587820239e+09,9.809167481918924e-04,9.669475665549336e-04,9.669475665549336e-04,9.669475665535310e+06,0.000000000000000e+00,0.000000000000000e+00,-2.000000000000000e+14,0.000000000000000e+00,0.000000000000000e+00,0.000000000000000e+00,0.000000000000000e+00,0.000000000000000e+00,0.000000000000000e+00,0.000000000000000e+00,7.262514220629923e+24,3.874114711946044e+24,9.607836420777717e+11,5.605236411001531e+00,1.020925207051136e+16,2.773266682431641e+05,1.445849010688684e+05,2.076989613744576e+24,2.076989613744576e+24,6.985402924782844e+00,9.669475665549289e+06,9.999999408128907e-01,1.000000000000018e-10,1.000000000000018e-10,9.999999999991919e-01,3.925223425649981e+09,2.177801559922274e+09,0.000000000000000e+00,3.967237489864067e+09,3.922342880225745e+09,8.655710015095096e+15,2.000000000000000e+14,9.999999408128907e-01,1.000000000000018e-10,1.000000000000018e-10,9.999999999991919e-01,
5.473555286686306e+06,5.606689099750797e+13,2.105197222775737e+14,0.000000000000000e+00,1.842753063663988e+25,1.694605856418697e+25,5.459275195878853e+09,5.581049098758950e-04,5.473555286686293e-04,5.473555286686293e-04,5.473555286675517e+06,0.000000000000000e+00,0.000000000000000e+00,-2.000000000000000e+14,0.000000000000000e+00,0.000000000000000e+00,0.000000000000000e+00,0.000000000000000e+00,0.000000000000000e+00,0.000000000000000e+00,0.000000000000000e+00,5.644647292086900e+24,1.481472072452915e+24,9.608238717584552e+11,2.329118687718701e+00,1.021113065187331e+16,1.499473427913302e+05,1.370414952266821e+05,2.077163548530488e+24,2.077163548530488e+24,6.738269509116506e+00,5.473555286686306e+06,9.987417048177175e-01,1.000000000000017e-10,1.000000000000017e-10,9.999999999986864e-01,1.444702218169408e+09,1.926133232186615e+09,0.000000000000000e+00,2.064257984642596e+09,1.468425178869280e+09,4.027137766268438e+15,2.000000000000000e+14,9.987417048177175e-01,1.000000000000017e-10,1.000000000000017e-10,9.999999999986864e-01,

