1
0
47
0
(2 0
((0,0) (63,63) (0,0))
((64,0) (127,63) (0,0))
)
2
FabOnDisk: Cell_D_0000 0
FabOnDisk: Cell_D_0000 1540179

2,47
1.990887125641661e-05,-5.853911714523350e+14,-8.364310960787484e+15,0.000000000000000e+00,4.118233766064045e+19,4.118233115731119e+19,2.716203766085188e+08,3.696274655855465e-06,1.990887125641668e-15,1.990887125641668e-15,3.366608557683105e-12,0.000000000000000e+00,0.000000000000000e+00,-2.000000000000000e+14,0.000000000000000e+00,0.000000000000000e+00,0.000000000000000e+00,0.000000000000000e+00,0.000000000000000e+00,0.000000000000000e+00,0.000000000000000e+00,1.372744051592749e+19,7.813427433138354e+09,9.302540335249553e+08,2.921752083728191e-05,5.588656201827078e+08,1.947900334478113e-01,-2.705475209319156e+05,1.914032175706888e+18,1.914032175706888e+18,-4.700953361821197e+00,1.990887125641661e-05,1.005418335428439e-10,9.999999999999823e-11,9.999999999999823e-11,7.031155172330032e-08,-2.251882679596079e+09,-1.947742706765665e+09,0.000000000000000e+00,1.780610513310680e+07,-1.913818809688837e+09,8.776121869134524e+02,2.000000000000000e+14,1.005418335428439e-10,9.999999999999823e-11,9.999999999999823e-11,7.031155172330032e-08,
1.984018828749091e-05,-5.679386055557094e+14,-1.806561452862860e+15,0.000000000000000e+00,4.118180960720119e+19,4.118179320212717e+19,2.716194894539266e+08,3.813143582849580e-06,1.984018828749093e-15,1.984018828749093e-15,2.648189058324581e-08,0.000000000000000e+00,0.000000000000000e+00,-2.000000000000000e+14,0.000000000000000e+00,0.000000000000000e+00,0.000000000000000e+00,0.000000000000000e+00,0.000000000000000e+00,0.000000000000000e+00,0.000000000000000e+00,1.372726116494803e+19,9.133606951045563e+08,9.104243321761539e+08,9.989896511082897e-06,6.528695258981076e+08,2.574102786050908e+00,-5.322179422677713e+04,1.828096730835669e+18,1.828096730835669e+18,-4.702454210617813e+00,1.984018828749091e-05,1.008708776328817e-10,9.999999999999795e-11,9.999999999999795e-11,1.258726356034519e-03,-1.562187473033530e+09,-1.479089656634728e+09,0.000000000000000e+00,8.540590866767960e+06,-1.455640527351793e+09,2.138870036869480e+02,2.000000000000000e+14,1.008708776328817e-10,9.999999999999795e-11,9.999999999999795e-11,1.258726356034519e-03,

2,47
9.437786682471422e+06,5.599672342385691e+14,1.973515465844910e+14,0.000000000000000e+00,2.405650308254623e+25,2.034858328583889e+25,5.679854708455102e+09,9.526455262217913e-04,9.437786682471429e-04,9.437786682471429e-04,9.437786682462523e+06,0.000000000000000e+00,0.000000000000000e+00,-2.000000000000000e+14,0.000000000000000e+00,0.000000000000000e+00,0.000000000000000e+00,0.000000000000000e+00,0.000000000000000e+00,0.000000000000000e+00,0.000000000000000e+00,7.016402340886956e+24,3.707919796707347e+24,9.589024598963293e+11,1.571546581832342e+00,1.015527072976476e+16,2.748409469221635e+05,1.166747610085890e+05,2.068864275337471e+24,2.068864275337471e+24,6.974870156978903e+00,9.437786682471422e+06,9.999999297884500e-01,1.000000000000017e-10,1.000000000000017e-10,9.999999999994615e-01,2.359974366563822e+09,2.435253379937178e+09,0.000000000000000e+00,2.660240481680074e+09,2.647296499512011e+09,8.365949566789982e+15,2.000000000000000e+14,9.999999297884500e-01,1.000000000000017e-10,1.000000000000017e-10,9.999999999994615e-01,
5.650054604750589e+06,3.239298712347510e+13,1.883149518077931e+14,0.000000000000000e+00,1.326441653124372e+25,1.305603866749294e+25,5.126370434195580e+09,5.706458073616194e-04,5.650054604750595e-04,5.650054604750595e-04,5.650054604745250e+06,0.000000000000000e+00,0.000000000000000e+00,-2.000000000000000e+14,0.000000000000000e+00,0.000000000000000e+00,0.000000000000000e+00,0.000000000000000e+00,0.000000000000000e+00,0.000000000000000e+00,0.000000000000000e+00,4.390027393870670e+24,2.941734937314187e+23,9.604937992657148e+11,9.278695232001025e-01,1.018936024293748e+16,1.778121364652577e+05,7.007685887707637e+04,2.075736710074168e+24,2.075736710074168e+24,6.752052645063204e+00,5.650054604750589e+06,9.987412737436139e-01,1.000000000000019e-10,1.000000000000019e-10,9.999999999991303e-01,1.590868768132905e+09,3.185285758684180e+09,0.000000000000000e+00,3.424512736198022e+09,1.692408404718932e+09,1.822437140549991e+15,2.000000000000000e+14,9.987412737436139e-01,1.000000000000019e-10,1.000000000000019e-10,9.999999999991303e-01,

