1
0
11
0
(2 0
((0,0) (63,63) (0,0))
((64,0) (127,63) (0,0))
)
2
FabOnDisk: SD_0_New_MF_D_0000 0
FabOnDisk: SD_0_New_MF_D_0000 360531

2,11
1.871487780508581e-05,-3.327607111259073e+11,-4.497004757563824e+15,0.000000000000000e+00,3.490697266801943e+19,3.114978088666563e+19,2.526568699611503e+08,2.511930445355408e-06,1.871487780508585e-15,1.871487780508585e-15,6.910911615548161e-14,
1.927748248200531e-05,-2.408529838953141e+11,-4.495640921230288e+15,0.000000000000000e+00,3.669107911982375e+19,3.668037739894918e+19,2.638691953935100e+08,4.315528735549687e-06,1.927748248200531e-15,1.927748248200531e-15,5.328953640662031e-09,

2,11
9.158111520486068e+06,3.039488434044514e+11,1.794190947239220e+08,0.000000000000000e+00,3.633509042744147e+24,2.529392334283794e+24,2.475577153276851e+09,9.247776076424576e-04,9.158111520486061e-04,9.158111520486061e-04,9.158111520477120e+06,
9.156888564475657e+06,1.937411841872069e+11,4.539961741831245e+07,0.000000000000000e+00,3.631796044230934e+24,2.528288798553627e+24,2.474462565988739e+09,9.247967398114785e-04,9.156888564475678e-04,9.156888564475678e-04,9.156888564466625e+06,

