CheckPointVersion_1.0
2
4.7313282201982161e-06
0
0
(0 (0,0)(7812.5,7812.5) 1)
(RealBox 0 1000000 0 500000 )((0,0) (127,63) (0,0)) 

5.6940209330661988e-09 
5.6940209330661988e-09 
1 
1000 
1000 
0
(0 (0,0)(7812.5,7812.5) 1)
(RealBox 0 1000000 0 500000 )((0,0) (127,63) (0,0))
(2 0
((0,0) (63,63) (0,0))
((64,0) (127,63) (0,0))
)4
((0,0) (127,63) (0,0))
(2 0
((0,0) (63,63) (0,0))
((64,0) (127,63) (0,0))
)4.7256341992651503e-06
4.7256341992651503e-06
4.7313282201982161e-06
4.7313282201982161e-06
1
Level_0/SD_0_New_MF
((0,0) (127,63) (0,0))
(2 0
((0,0) (63,63) (0,0))
((64,0) (127,63) (0,0))
)4.7256341992651503e-06
4.7256341992651503e-06
4.7313282201982161e-06
4.7313282201982161e-06
1
Level_0/SD_1_New_MF
((0,0) (127,63) (0,0))
(2 0
((0,0) (63,63) (0,0))
((64,0) (127,63) (0,0))
)4.7256341992651503e-06
4.7256341992651503e-06
4.7313282201982161e-06
4.7313282201982161e-06
0
((0,0) (127,63) (0,0))
(2 0
((0,0) (63,63) (0,0))
((64,0) (127,63) (0,0))
)4.7256341992651503e-06
4.7256341992651503e-06
4.7313282201982161e-06
4.7313282201982161e-06
0
