1
0
11
0
(2 0
((0,0) (63,63) (0,0))
((64,0) (127,63) (0,0))
)
2
FabOnDisk: SD_0_New_MF_D_0000 0
FabOnDisk: SD_0_New_MF_D_0000 360531

2,11
1.972168079943609e-05,-1.878751597524189e+14,-8.655710015007319e+15,0.000000000000000e+00,4.090535323469123e+19,4.088982467557315e+19,2.711358955902282e+08,1.246969014543968e-06,1.972168079943616e-15,1.972168079943616e-15,2.821762839810710e-12,
1.971212311013778e-05,-4.850775685198064e+14,-4.001407889696882e+15,0.000000000000000e+00,4.091035904474109e+19,4.090812593137665e+19,2.711670729825930e+08,2.260875372372656e-06,1.971212311013783e-15,1.971212311013783e-15,2.635380645842598e-08,

2,11
9.669475665549289e+06,4.758014184682049e+14,2.089892000833492e+14,0.000000000000000e+00,2.493730843251160e+25,2.106319372056555e+25,5.727061587820239e+09,9.809167481918924e-04,9.669475665549336e-04,9.669475665549336e-04,9.669475665535310e+06,
5.473555286686306e+06,5.606689099750797e+13,2.105197222775737e+14,0.000000000000000e+00,1.842753063663988e+25,1.694605856418697e+25,5.459275195878853e+09,5.581049098758950e-04,5.473555286686293e-04,5.473555286686293e-04,5.473555286675517e+06,

