1
0
47
0
(2 0
((0,0) (63,63) (0,0))
((64,0) (127,63) (0,0))
)
2
FabOnDisk: Cell_D_0000 0
FabOnDisk: Cell_D_0000 1540179

2,47
1.984196924289718e-05,-4.846781223707828e+14,-8.590073585857662e+15,0.000000000000000e+00,4.105130353915928e+19,4.088987350096778e+19,2.711289161582479e+08,2.436435528529304e-06,1.984196924289725e-15,1.984196924289725e-15,2.984295464801411e-12,0.000000000000000e+00,0.000000000000000e+00,-2.000000000000000e+14,0.000000000000000e+00,0.000000000000000e+00,0.000000000000000e+00,0.000000000000000e+00,0.000000000000000e+00,0.000000000000000e+00,0.000000000000000e+00,1.363139880411105e+19,1.423351803304345e+09,3.515244451350356e+08,1.248895902145740e-05,5.570377609607818e+08,1.165660101115082e-02,-2.057222154061999e+05,2.547287806539597e+17,2.547287806539598e+17,-4.702415227903459e+00,1.984196924289718e-05,1.006597348467493e-10,9.999999999999804e-11,9.999999999999804e-11,6.264316843946695e-08,-1.538694309977258e+09,-1.959202569961531e+09,0.000000000000000e+00,7.701543477749516e+06,-1.927701512552827e+09,3.696276746126389e+02,2.000000000000000e+14,1.006597348467493e-10,9.999999999999804e-11,9.999999999999804e-11,6.264316843946695e-08,
1.976492396473222e-05,-5.570011386814494e+14,-1.552386240066146e+15,0.000000000000000e+00,4.092881379054022e+19,4.088717500077004e+19,2.711182315335501e+08,4.044667834161536e-06,1.976492396473220e-15,1.976492396473220e-15,2.641443553029382e-08,0.000000000000000e+00,0.000000000000000e+00,-2.000000000000000e+14,0.000000000000000e+00,0.000000000000000e+00,0.000000000000000e+00,0.000000000000000e+00,0.000000000000000e+00,0.000000000000000e+00,0.000000000000000e+00,1.363162493074356e+19,1.507142883374954e+10,7.264272106605483e+08,4.064032815681492e-05,6.808516710595425e+08,1.157860265966107e+00,-5.991953359117925e+04,1.150975699458100e+18,1.150975699458100e+18,-4.704104852039996e+00,1.976492396473222e-05,1.010597384263677e-10,9.999999999999844e-11,9.999999999999844e-11,1.258472173594020e-03,-1.591309402789502e+09,-1.406279481097682e+09,0.000000000000000e+00,2.889281910890707e+07,-1.637318850169448e+09,1.043264679499781e+03,2.000000000000000e+14,1.010597384263677e-10,9.999999999999844e-11,9.999999999999844e-11,1.258472173594020e-03,

2,47
9.715928018236568e+06,5.512975944724732e+14,1.972522718288624e+14,0.000000000000000e+00,2.486022108653229e+25,2.106288057922441e+25,5.726497179557086e+09,9.814912462464023e-04,9.715928018236581e-04,9.715928018236581e-04,9.715928018226659e+06,0.000000000000000e+00,0.000000000000000e+00,-2.000000000000000e+14,0.000000000000000e+00,0.000000000000000e+00,0.000000000000000e+00,0.000000000000000e+00,0.000000000000000e+00,0.000000000000000e+00,0.000000000000000e+00,7.265713681063221e+24,3.797340507307884e+24,9.589702222590540e+11,5.445402299781800e+00,1.016489743161432e+16,2.093609129352426e+05,1.239827372109139e+05,2.069156653290691e+24,2.069156653290691e+24,6.987484288615755e+00,9.715928018236568e+06,9.999999374568399e-01,1.000000000000018e-10,1.000000000000018e-10,9.999999999993427e-01,2.882862930307272e+09,2.306800285290345e+09,0.000000000000000e+00,3.087783136184864e+09,3.085953458632206e+09,8.590074159137083e+15,2.000000000000000e+14,9.999999374568399e-01,1.000000000000018e-10,1.000000000000018e-10,9.999999999993427e-01,
5.496147227197793e+06,5.802208400424612e+13,1.957329329924688e+14,0.000000000000000e+00,1.464565636730904e+25,1.437597293948066e+25,5.248129958437004e+09,5.554392011334150e-04,5.496147227197785e-04,5.496147227197785e-04,5.496147227191977e+06,0.000000000000000e+00,0.000000000000000e+00,-2.000000000000000e+14,0.000000000000000e+00,0.000000000000000e+00,0.000000000000000e+00,0.000000000000000e+00,0.000000000000000e+00,0.000000000000000e+00,0.000000000000000e+00,4.794910088905806e+24,2.696834278283762e+23,9.608089161436211e+11,1.012429981037818e+00,1.020406604381831e+16,1.740867935307454e+05,1.107277746487102e+05,2.077098910389026e+24,2.077098910389026e+24,6.740058357803894e+00,5.496147227197793e+06,9.987415279260562e-01,1.000000000000021e-10,1.000000000000021e-10,9.999999999989417e-01,1.418807281587204e+09,2.688448532587269e+09,0.000000000000000e+00,2.971032332912549e+09,1.490506279324707e+09,1.648772245875082e+15,2.000000000000000e+14,9.987415279260562e-01,1.000000000000021e-10,1.000000000000021e-10,9.999999999989417e-01,

