1
0
47
0
(2 0
((0,0) (63,63) (0,0))
((64,0) (127,63) (0,0))
)
2
FabOnDisk: Cell_D_0000 0
FabOnDisk: Cell_D_0000 1540179

2,47
1.963312253037636e-05,-1.244341655017553e+13,-8.931492698115643e+15,0.000000000000000e+00,4.065724301991086e+19,4.040956827975823e+19,2.703260603502921e+08,1.204794994255270e-06,1.963312253037630e-15,1.963312253037630e-15,2.513690202085369e-12,0.000000000000000e+00,0.000000000000000e+00,-2.000000000000000e+14,0.000000000000000e+00,0.000000000000000e+00,0.000000000000000e+00,0.000000000000000e+00,0.000000000000000e+00,0.000000000000000e+00,0.000000000000000e+00,1.347184379448463e+19,2.315676452690426e+09,3.412019285354781e+08,1.596686585516339e-05,5.613073150176964e+08,1.033945041557363e-01,-1.835161900542765e+05,2.388776241947018e+17,2.388776241947019e+17,-4.707010622974283e+00,1.963312253037636e-05,1.009891531124481e-10,9.999999999999839e-11,9.999999999999839e-11,5.283876774129062e-08,-2.030910472547734e+09,-2.078691612123605e+09,0.000000000000000e+00,9.647593773426630e+06,-2.065488450756315e+09,4.800526446436281e+02,2.000000000000000e+14,1.009891531124481e-10,9.999999999999839e-11,9.999999999999839e-11,5.283876774129062e-08,
1.965942970778556e-05,-4.102734585297232e+14,-8.896552815960110e+15,0.000000000000000e+00,4.076203449326884e+19,3.994047326176562e+19,2.694964612175076e+08,1.872810370555637e-06,1.965942970778554e-15,1.965942970778554e-15,2.631823256243430e-08,0.000000000000000e+00,0.000000000000000e+00,-2.000000000000000e+14,0.000000000000000e+00,0.000000000000000e+00,0.000000000000000e+00,0.000000000000000e+00,0.000000000000000e+00,0.000000000000000e+00,0.000000000000000e+00,1.332287402778797e+19,3.277435002916183e+09,3.349484333837458e+08,1.899691058794301e-05,5.615163262887005e+08,1.881002998146590e-01,-2.203895480407637e+05,2.297228082375660e+17,2.297228082375660e+17,-4.706429084589036e+00,1.965942970778556e-05,1.016195961568441e-10,9.999999999999853e-11,9.999999999999853e-11,1.258056432864024e-03,-3.119472930908716e+09,-1.959989246235845e+09,0.000000000000000e+00,5.197295614337298e+06,-2.988841954369135e+09,1.261207845816977e+03,2.000000000000000e+14,1.016195961568441e-10,9.999999999999853e-11,9.999999999999853e-11,1.258056432864024e-03,

2,47
9.595829177957162e+06,3.986557783658177e+14,1.425882000214014e+14,0.000000000000000e+00,2.509851570534167e+25,2.094574551476414e+25,5.719800580133428e+09,9.796617798183641e-04,9.595829177957208e-04,9.595829177957208e-04,9.595829177938415e+06,0.000000000000000e+00,0.000000000000000e+00,-2.000000000000000e+14,0.000000000000000e+00,0.000000000000000e+00,0.000000000000000e+00,0.000000000000000e+00,0.000000000000000e+00,0.000000000000000e+00,0.000000000000000e+00,7.219525818266500e+24,4.156597492151163e+24,9.618932700301769e+11,5.642852067903535e+00,1.023845649493043e+16,4.839014375314081e+05,1.792521869526337e+05,2.081789877696613e+24,2.081789877696613e+24,6.982082508185860e+00,9.595829177957162e+06,9.999999472612341e-01,1.000000000000019e-10,1.000000000000019e-10,9.999999999990117e-01,6.074606678884231e+09,4.206488207554382e+09,0.000000000000000e+00,6.639756111544200e+09,6.633125735778923e+09,8.931492698546882e+15,2.000000000000000e+14,9.999999472612341e-01,1.000000000000019e-10,1.000000000000019e-10,9.999999999990117e-01,
9.572957239702560e+06,1.708402043576530e+13,1.676984466137824e+14,0.000000000000000e+00,2.502040040462451e+25,2.088639446520671e+25,5.715952678427516e+09,9.729256337229981e-04,9.572957239702521e-04,9.572957239702521e-04,9.572957239686925e+06,0.000000000000000e+00,0.000000000000000e+00,-2.000000000000000e+14,0.000000000000000e+00,0.000000000000000e+00,0.000000000000000e+00,0.000000000000000e+00,0.000000000000000e+00,0.000000000000000e+00,0.000000000000000e+00,7.198823621788170e+24,4.134005939417795e+24,9.617052929436775e+11,5.817354865867736e+00,1.023202956842770e+16,2.700121330024423e+05,1.842892887028344e+05,2.080976301586012e+24,2.080976301586012e+24,6.981046119019441e+00,9.572957239702560e+06,9.987419436667826e-01,1.000000000000013e-10,1.000000000000013e-10,9.999999999983801e-01,2.193816150739017e+09,3.315458878270078e+09,0.000000000000000e+00,3.674661104938811e+09,2.913960593083336e+09,8.896590592662221e+15,2.000000000000000e+14,9.987419436667826e-01,1.000000000000013e-10,1.000000000000013e-10,9.999999999983801e-01,

