1
0
47
0
(2 0
((0,0) (63,63) (0,0))
((64,0) (127,63) (0,0))
)
2
FabOnDisk: Cell_D_0000 0
FabOnDisk: Cell_D_0000 1540179

2,47
1.946227004673713e-05,-4.978609767699012e+12,-9.878582836614620e+15,0.000000000000000e+00,4.003820537031337e+19,1.862004975443186e+19,1.000000000000000e+04,1.416564326631435e-06,1.946227004673719e-15,1.946227004673719e-15,1.770754860307856e-12,0.000000000000000e+00,0.000000000000000e+00,-2.000000000000000e+14,0.000000000000000e+00,0.000000000000000e+00,0.000000000000000e+00,0.000000000000000e+00,0.000000000000000e+00,0.000000000000000e+00,0.000000000000000e+00,1.307862447458872e+19,4.911249644432011e+10,4.704706005051645e+07,7.367301519802843e-05,-4.710648830790745e+07,1.699102083806636e-02,-2.014606404962643e+05,1.230336773244928e+15,1.230336773245996e+15,-4.710806505728802e+00,1.946227004673713e-05,1.007162392383436e-10,9.999999999999839e-11,9.999999999999839e-11,3.714970579483246e-08,-4.803584447927603e+09,-2.504482606303852e+09,0.000000000000000e+00,4.500283091056161e+07,-3.138067976274111e+09,1.567334635468156e+03,2.000000000000000e+14,1.007162392383436e-10,9.999999999999839e-11,9.999999999999839e-11,3.714970579483246e-08,
1.951733482183393e-05,-3.444358702008493e+13,-9.878277896551474e+15,0.000000000000000e+00,4.030921485480863e+19,1.781214406977467e+19,1.000000000000000e+04,1.722021109880111e-06,1.951733482183391e-15,1.951733482183391e-15,2.621259474797095e-08,0.000000000000000e+00,0.000000000000000e+00,-2.000000000000000e+14,0.000000000000000e+00,0.000000000000000e+00,0.000000000000000e+00,0.000000000000000e+00,0.000000000000000e+00,0.000000000000000e+00,0.000000000000000e+00,1.335475360101489e+19,1.526774758088469e+10,4.666997421966938e+07,4.110969820104658e-05,-4.711632063872115e+07,9.491168161987676e-02,-2.419188602109412e+05,1.199010097020928e+15,1.199010097021520e+15,-4.709579487447820e+00,1.951733482183393e-05,1.012646031747213e-10,9.999999999999849e-11,9.999999999999849e-11,1.257484307531387e-03,-4.572136252923761e+09,-2.022868902948273e+09,0.000000000000000e+00,3.341680319196333e+07,-2.907575659076647e+09,9.137766705677310e+02,2.000000000000000e+14,1.012646031747213e-10,9.999999999999849e-11,9.999999999999849e-11,1.257484307531387e-03,

2,47
9.583080383779118e+06,2.293823006448086e+13,6.670487004035207e+13,0.000000000000000e+00,2.563026608608858e+25,2.053866737667176e+25,5.691540667067492e+09,9.794463627760752e-04,9.583080383779115e-04,9.583080383779115e-04,9.583080383768974e+06,0.000000000000000e+00,0.000000000000000e+00,-2.000000000000000e+14,0.000000000000000e+00,0.000000000000000e+00,0.000000000000000e+00,0.000000000000000e+00,0.000000000000000e+00,0.000000000000000e+00,0.000000000000000e+00,7.087776336797554e+24,5.091598709416817e+24,9.645741806163401e+11,8.480900636436753e+01,1.030306441178884e+16,3.332353806208716e+05,3.102820971192433e+05,2.093410433552043e+24,2.093410433552043e+24,6.981505131066466e+00,9.583080383779118e+06,9.999999629502961e-01,1.000000000000017e-10,1.000000000000017e-10,9.999999999992844e-01,3.127736028077599e+09,6.245864532497127e+09,0.000000000000000e+00,6.376799473875996e+09,4.236746149566301e+09,9.878582865400014e+15,2.000000000000000e+14,9.999999629502961e-01,1.000000000000017e-10,1.000000000000017e-10,9.999999999992844e-01,
9.582346376381604e+06,5.542628771593559e+12,6.696309716900741e+13,0.000000000000000e+00,2.562847479116239e+25,2.053680030996594e+25,5.691418069393219e+09,9.787802530335284e-04,9.582346376381574e-04,9.582346376381574e-04,9.582346376367845e+06,0.000000000000000e+00,0.000000000000000e+00,-2.000000000000000e+14,0.000000000000000e+00,0.000000000000000e+00,0.000000000000000e+00,0.000000000000000e+00,0.000000000000000e+00,0.000000000000000e+00,0.000000000000000e+00,7.087124251540594e+24,5.091674481196453e+24,9.620679986050767e+11,8.556546199287035e+01,1.025640169136063e+16,3.689917735008056e+05,3.115954339747496e+05,2.082546212724487e+24,2.082546212724487e+24,6.981471865398389e+00,9.582346376381604e+06,9.987425157921161e-01,1.000000000000014e-10,1.000000000000014e-10,9.999999999987351e-01,2.513309933494776e+09,7.759442655395003e+09,0.000000000000000e+00,7.760363286705592e+09,3.526507250602981e+09,9.878278039679538e+15,2.000000000000000e+14,9.987425157921161e-01,1.000000000000014e-10,1.000000000000014e-10,9.999999999987351e-01,

