CheckPointVersion_1.0
2
1.1354612629840702e-05
0
0
(0 (0,0)(7812.5,7812.5) 1)
(RealBox 0 1000000 0 500000 )((0,0) (127,63) (0,0)) 

7.0058345792766923e-09 
7.0058345792766923e-09 
1 
2000 
2000 
0
(0 (0,0)(7812.5,7812.5) 1)
(RealBox 0 1000000 0 500000 )((0,0) (127,63) (0,0))
(2 0
((0,0) (63,63) (0,0))
((64,0) (127,63) (0,0))
)4
((0,0) (127,63) (0,0))
(2 0
((0,0) (63,63) (0,0))
((64,0) (127,63) (0,0))
)1.1347606795261425e-05
1.1347606795261425e-05
1.1354612629840702e-05
1.1354612629840702e-05
1
Level_0/SD_0_New_MF
((0,0) (127,63) (0,0))
(2 0
((0,0) (63,63) (0,0))
((64,0) (127,63) (0,0))
)1.1347606795261425e-05
1.1347606795261425e-05
1.1354612629840702e-05
1.1354612629840702e-05
1
Level_0/SD_1_New_MF
((0,0) (127,63) (0,0))
(2 0
((0,0) (63,63) (0,0))
((64,0) (127,63) (0,0))
)1.1347606795261425e-05
1.1347606795261425e-05
1.1354612629840702e-05
1.1354612629840702e-05
0
((0,0) (127,63) (0,0))
(2 0
((0,0) (63,63) (0,0))
((64,0) (127,63) (0,0))
)1.1347606795261425e-05
1.1347606795261425e-05
1.1354612629840702e-05
1.1354612629840702e-05
0
