CheckPointVersion_1.0
2
6.2127156386741932e-05
0
0
(0 (0,0)(7812.5,7812.5) 1)
(RealBox 0 1000000 0 500000 )((0,0) (127,63) (0,0)) 

7.3117582864135653e-09 
7.3117582864135653e-09 
1 
9000 
9000 
0
(0 (0,0)(7812.5,7812.5) 1)
(RealBox 0 1000000 0 500000 )((0,0) (127,63) (0,0))
(2 0
((0,0) (63,63) (0,0))
((64,0) (127,63) (0,0))
)4
((0,0) (127,63) (0,0))
(2 0
((0,0) (63,63) (0,0))
((64,0) (127,63) (0,0))
)6.2119844628455521e-05
6.2119844628455521e-05
6.2127156386741932e-05
6.2127156386741932e-05
1
Level_0/SD_0_New_MF
((0,0) (127,63) (0,0))
(2 0
((0,0) (63,63) (0,0))
((64,0) (127,63) (0,0))
)6.2119844628455521e-05
6.2119844628455521e-05
6.2127156386741932e-05
6.2127156386741932e-05
1
Level_0/SD_1_New_MF
((0,0) (127,63) (0,0))
(2 0
((0,0) (63,63) (0,0))
((64,0) (127,63) (0,0))
)6.2119844628455521e-05
6.2119844628455521e-05
6.2127156386741932e-05
6.2127156386741932e-05
0
((0,0) (127,63) (0,0))
(2 0
((0,0) (63,63) (0,0))
((64,0) (127,63) (0,0))
)6.2119844628455521e-05
6.2119844628455521e-05
6.2127156386741932e-05
6.2127156386741932e-05
0
