1
0
11
0
(2 0
((0,0) (63,63) (0,0))
((64,0) (127,63) (0,0))
)
2
FabOnDisk: SD_0_New_MF_D_0000 0
FabOnDisk: SD_0_New_MF_D_0000 360531

2,11
1.000000000000000e-05,0.000000000000000e+00,0.000000000000000e+00,0.000000000000000e+00,7.569263289546144e+17,7.569263289546144e+17,1.000110615707807e+08,1.000000000000000e-05,1.000000000000000e-15,1.000000000000000e-15,1.000000082740371e-15,
1.000000000000000e-05,0.000000000000000e+00,0.000000000000000e+00,0.000000000000000e+00,7.565915101262531e+17,7.565915101262531e+17,1.000000000102793e+08,1.000000000000000e-05,1.000000000000000e-15,1.000000000000000e-15,1.000000082740371e-15,

2,11
1.000000000000000e-05,0.000000000000000e+00,0.000000000000000e+00,0.000000000000000e+00,3.584131131316624e+20,3.584131131316624e+20,4.664297688135639e+08,1.000000000000000e-05,1.000000000000000e-15,1.000000000000000e-15,1.000000082740371e-15,
1.000000000000000e-05,0.000000000000000e+00,0.000000000000000e+00,0.000000000000000e+00,7.568610048351453e+17,7.568610048351453e+17,1.000089037165949e+08,1.000000000000000e-05,1.000000000000000e-15,1.000000000000000e-15,1.000000082740371e-15,

