1
0
11
0
(2 0
((0,0) (63,63) (0,0))
((64,0) (127,63) (0,0))
)
2
FabOnDisk: SD_0_New_MF_D_0000 0
FabOnDisk: SD_0_New_MF_D_0000 360531

2,11
1.930324614515876e-05,-4.224152864438565e+11,-1.213768483305440e+16,0.000000000000000e+00,3.927436029194895e+19,3.872207668074745e+19,2.674603826269944e+08,1.188688635872437e-06,1.930324614515887e-15,1.930324614515887e-15,1.260631080138478e-12,
1.947511001590789e-05,-4.397314079919410e+11,-1.213749635540130e+16,0.000000000000000e+00,3.997772482487235e+19,3.986598475486846e+19,2.694214018857841e+08,1.830556859810159e-06,1.947511001590785e-15,1.947511001590785e-15,2.609318307969101e-08,

2,11
9.883374663522482e+06,4.361396295244889e+11,3.586448660582176e+05,0.000000000000000e+00,2.663559324771514e+25,1.918323507213484e+25,5.589156965199472e+09,1.013266252746605e-03,9.883374663522508e-04,9.883374663522508e-04,9.883374663507838e+06,
9.883476108581016e+06,1.045097897740149e+11,7.631746214174652e+05,0.000000000000000e+00,2.663586734215764e+25,1.918343318215563e+25,5.589168322129421e+09,1.039044339754333e-03,9.883476108581018e-04,9.883476108581018e-04,9.883476108536731e+06,

