1
0
11
0
(2 0
((0,0) (63,63) (0,0))
((64,0) (127,63) (0,0))
)
2
FabOnDisk: SD_0_New_MF_D_0000 0
FabOnDisk: SD_0_New_MF_D_0000 360531

2,11
1.990887125641661e-05,-5.853911714523350e+14,-8.364310960787484e+15,0.000000000000000e+00,4.118233766064045e+19,4.118233115731119e+19,2.716203766085188e+08,3.696274655855465e-06,1.990887125641668e-15,1.990887125641668e-15,3.366608557683105e-12,
1.984018828749091e-05,-5.679386055557094e+14,-1.806561452862860e+15,0.000000000000000e+00,4.118180960720119e+19,4.118179320212717e+19,2.716194894539266e+08,3.813143582849580e-06,1.984018828749093e-15,1.984018828749093e-15,2.648189058324581e-08,

2,11
9.437786682471422e+06,5.599672342385691e+14,1.973515465844910e+14,0.000000000000000e+00,2.405650308254623e+25,2.034858328583889e+25,5.679854708455102e+09,9.526455262217913e-04,9.437786682471429e-04,9.437786682471429e-04,9.437786682462523e+06,
5.650054604750589e+06,3.239298712347510e+13,1.883149518077931e+14,0.000000000000000e+00,1.326441653124372e+25,1.305603866749294e+25,5.126370434195580e+09,5.706458073616194e-04,5.650054604750595e-04,5.650054604750595e-04,5.650054604745250e+06,

