1
0
11
0
(2 0
((0,0) (63,63) (0,0))
((64,0) (127,63) (0,0))
)
2
FabOnDisk: SD_0_New_MF_D_0000 0
FabOnDisk: SD_0_New_MF_D_0000 360531

2,11
1.933788730008706e-05,-3.245538615637479e+11,-1.522863391771968e+16,0.000000000000000e+00,3.705556398631218e+19,3.690645325747363e+19,2.642724090936840e+08,1.522765368071513e-06,1.933788730008710e-15,1.933788730008710e-15,6.043531008513110e-13,
1.943787159844244e-05,-3.434022077154286e+11,-1.522241739541941e+16,0.000000000000000e+00,3.939486583237421e+19,3.936071583408915e+19,2.685636163447818e+08,2.440329702935691e-06,1.943787159844248e-15,1.943787159844248e-15,2.600165251522473e-08,

2,11
1.122414106341207e+07,3.583869124021547e+11,8.962900656224771e+05,0.000000000000000e+00,2.607124279473474e+25,1.574035847872371e+25,5.277348848522404e+09,1.138699092408229e-03,1.122414106341205e-03,1.122414106341205e-03,1.122414106339580e+07,
1.122201018337368e+07,2.033942570033937e+11,2.600998275466862e+06,0.000000000000000e+00,2.606402830580445e+25,1.573958608503336e+25,5.277265376171168e+09,1.144570552730614e-03,1.122201018337368e-03,1.122201018337368e-03,1.122201018335929e+07,

