1
0
47
0
(2 0
((0,0) (63,63) (0,0))
((64,0) (127,63) (0,0))
)
2
FabOnDisk: Cell_D_0000 0
FabOnDisk: Cell_D_0000 1540179

2,47
1.759715802242323e-05,-1.129957778424252e+11,-4.418718611848921e+11,0.000000000000000e+00,2.101121910223729e+19,1.763397350503187e+19,2.195659923920745e+08,1.826231821157376e-06,1.759715802242323e-15,1.759715802242323e-15,1.601922183400457e-13,0.000000000000000e+00,0.000000000000000e+00,-2.000000000000000e+14,0.000000000000000e+00,0.000000000000000e+00,0.000000000000000e+00,0.000000000000000e+00,0.000000000000000e+00,0.000000000000000e+00,0.000000000000000e+00,5.893264836433142e+18,8.835058653768561e+13,2.027597582517452e+08,3.089568444584760e-03,7.005706849954960e+07,2.504830074030905e-09,-1.627153524101638e+06,7.149173411301180e+16,7.149173411301180e+16,-4.754557465983652e+00,1.759715802242323e-05,1.024677353526775e-10,9.999999999999906e-11,9.999999999999906e-11,3.241991766006024e-09,-2.694971279378141e+11,-2.271582111747761e+11,0.000000000000000e+00,1.967254063193059e+07,-2.428551976726434e+11,1.534211530063879e+05,2.000000000000000e+14,1.024677353526775e-10,9.999999999999906e-11,9.999999999999906e-11,3.241991766006024e-09,
1.893116435625189e-05,-8.089415489468640e+10,-5.964272220478813e+10,0.000000000000000e+00,3.313189792940897e+19,3.284663063143063e+19,2.565921107580248e+08,4.822859433530931e-06,1.893116435625187e-15,1.893116435625187e-15,6.088693319345201e-15,0.000000000000000e+00,0.000000000000000e+00,-2.000000000000000e+14,0.000000000000000e+00,0.000000000000000e+00,0.000000000000000e+00,0.000000000000000e+00,0.000000000000000e+00,0.000000000000000e+00,0.000000000000000e+00,1.096386474799181e+19,4.111774849517357e+12,1.939668076490588e+08,6.824502194639373e-04,7.005465469133665e+07,1.571239088298177e-03,-1.142653513712324e+06,6.423778972253609e+16,6.423778972253609e+16,-4.722822674047603e+00,1.893116435625189e-05,1.024676527952867e-10,9.999999999999931e-11,9.999999999999931e-11,1.232421717846656e-10,-1.506728153899694e+11,-1.559468568777411e+11,0.000000000000000e+00,1.072580980328383e+07,-1.372126299640128e+11,3.003166504500570e+04,2.000000000000000e+14,1.024676527952867e-10,9.999999999999931e-11,9.999999999999931e-11,1.232421717846656e-10,

2,47
3.495997877386243e+06,8.448608271038506e+10,7.478625270680796e+14,0.000000000000000e+00,3.842817860405572e+23,3.044096774876676e+23,7.797490184076090e+08,3.582552927224049e-04,3.495997877386238e-04,3.495997877386238e-04,3.495997877377588e+06,0.000000000000000e+00,0.000000000000000e+00,-2.000000000000000e+14,0.000000000000000e+00,0.000000000000000e+00,0.000000000000000e+00,0.000000000000000e+00,0.000000000000000e+00,0.000000000000000e+00,0.000000000000000e+00,1.758969610957806e+23,8.005291837659409e+22,1.023759614382519e+12,1.094867156197815e+00,1.155388093466242e+16,2.313955367481308e+07,1.522710918139749e+06,2.358191949859877e+24,2.358191949859877e+24,6.543571160278234e+00,3.495997877386243e+06,9.999999968580054e-01,1.000000000000010e-10,1.000000000000010e-10,9.999999999975355e-01,1.742797543627210e+11,4.516687597091490e+11,0.000000000000000e+00,4.577467053258679e+11,3.727317888240763e+11,7.478625270680932e+14,2.000000000000000e+14,9.999999968580054e-01,1.000000000000010e-10,1.000000000000010e-10,9.999999999975355e-01,
3.495050393568388e+06,8.022344299071869e+10,7.478643373458156e+14,0.000000000000000e+00,3.838736422103562e+23,3.039126104360674e+23,7.513773455264142e+08,3.581475464072919e-04,3.495050393568396e-04,3.495050393568396e-04,3.495050393559742e+06,0.000000000000000e+00,0.000000000000000e+00,-2.000000000000000e+14,0.000000000000000e+00,0.000000000000000e+00,0.000000000000000e+00,0.000000000000000e+00,0.000000000000000e+00,0.000000000000000e+00,0.000000000000000e+00,1.756611577490034e+23,8.005552965924878e+22,9.835641110656693e+11,8.506542830316738e-01,1.060225649456399e+16,1.831564444637372e+07,1.020888858300244e+06,2.176649802614352e+24,2.176649802614353e+24,6.543453442024731e+00,3.495050393568388e+06,9.999999999767532e-01,1.000000000000007e-10,1.000000000000007e-10,9.999999999975339e-01,1.925669408198923e+11,2.009920412505857e+11,0.000000000000000e+00,2.052384028137467e+11,1.995679198837966e+11,7.478643373467891e+14,2.000000000000000e+14,9.999999999767532e-01,1.000000000000007e-10,1.000000000000007e-10,9.999999999975339e-01,

