1
0
11
0
(2 0
((0,0) (63,63) (0,0))
((64,0) (127,63) (0,0))
)
2
FabOnDisk: SD_0_New_MF_D_0000 0
FabOnDisk: SD_0_New_MF_D_0000 360531

2,11
1.946227004673713e-05,-4.978609767699012e+12,-9.878582836614620e+15,0.000000000000000e+00,4.003820537031337e+19,1.862004975443186e+19,1.000000000000000e+04,1.416564326631435e-06,1.946227004673719e-15,1.946227004673719e-15,1.770754860307856e-12,
1.951733482183393e-05,-3.444358702008493e+13,-9.878277896551474e+15,0.000000000000000e+00,4.030921485480863e+19,1.781214406977467e+19,1.000000000000000e+04,1.722021109880111e-06,1.951733482183391e-15,1.951733482183391e-15,2.621259474797095e-08,

2,11
9.583080383779118e+06,2.293823006448086e+13,6.670487004035207e+13,0.000000000000000e+00,2.563026608608858e+25,2.053866737667176e+25,5.691540667067492e+09,9.794463627760752e-04,9.583080383779115e-04,9.583080383779115e-04,9.583080383768974e+06,
9.582346376381604e+06,5.542628771593559e+12,6.696309716900741e+13,0.000000000000000e+00,2.562847479116239e+25,2.053680030996594e+25,5.691418069393219e+09,9.787802530335284e-04,9.582346376381574e-04,9.582346376381574e-04,9.582346376367845e+06,

