1
0
47
0
(2 0
((0,0) (63,63) (0,0))
((64,0) (127,63) (0,0))
)
2
FabOnDisk: Cell_D_0000 0
FabOnDisk: Cell_D_0000 1540179

2,47
1.928250718124766e-05,-4.642518033001960e+11,-1.349662950929385e+16,0.000000000000000e+00,3.206689436294920e+19,3.155798865365255e+19,2.541239728882658e+08,1.490300458900031e-06,1.928250718124766e-15,1.928250718124766e-15,1.960510441110506e-13,0.000000000000000e+00,0.000000000000000e+00,-2.000000000000000e+14,0.000000000000000e+00,0.000000000000000e+00,0.000000000000000e+00,0.000000000000000e+00,0.000000000000000e+00,0.000000000000000e+00,0.000000000000000e+00,1.052076431944632e+19,2.548889025873741e+12,3.736054066953304e+08,5.316955496697842e-04,2.587600069081082e+08,9.721705705818749e-06,-1.244478484967717e+05,2.884738280896813e+17,2.884738280896813e+17,-4.714836498224189e+00,1.928250718124766e-05,1.008724888860335e-10,9.999999999999836e-11,9.999999999999836e-11,4.162284384987296e-09,-3.656018162307183e+10,-3.778559749074792e+10,0.000000000000000e+00,1.059532714636359e+08,-4.315897043455304e+10,1.149187425934433e+04,2.000000000000000e+14,1.008724888860335e-10,9.999999999999836e-11,9.999999999999836e-11,4.162284384987296e-09,
1.932290719245531e-05,-3.728578521632158e+11,-1.349550797607665e+16,0.000000000000000e+00,3.721519459523632e+19,3.714132501568351e+19,2.646931098205479e+08,2.845140330151893e-06,1.932290719245536e-15,1.932290719245536e-15,2.508465995176495e-08,0.000000000000000e+00,0.000000000000000e+00,-2.000000000000000e+14,0.000000000000000e+00,0.000000000000000e+00,0.000000000000000e+00,0.000000000000000e+00,0.000000000000000e+00,0.000000000000000e+00,0.000000000000000e+00,1.238109612884162e+19,3.238300662029190e+12,3.548793215899339e+08,5.997952628773991e-04,2.587551015516159e+08,2.698425647644775e-04,-1.141743987027058e+05,2.615408915498191e+17,2.615408915498192e+17,-4.713927532027306e+00,1.932290719245531e-05,1.009270637850477e-10,9.999999999999897e-11,9.999999999999897e-11,1.231150669455411e-03,-3.479866869637506e+10,-2.841793853815480e+10,0.000000000000000e+00,8.608832657561183e+07,-3.292099562528199e+10,1.766467024816010e+04,2.000000000000000e+14,1.009270637850477e-10,9.999999999999897e-11,9.999999999999897e-11,1.231150669455411e-03,

2,47
1.289855712744452e+07,3.944701245502145e+11,3.748828953109008e+06,0.000000000000000e+00,1.675298036854490e+25,9.691620452150908e+24,4.465746866534893e+09,1.302774412130390e-03,1.289855712744454e-03,1.289855712744454e-03,1.289855712743292e+07,0.000000000000000e+00,0.000000000000000e+00,-2.000000000000000e+14,0.000000000000000e+00,0.000000000000000e+00,0.000000000000000e+00,0.000000000000000e+00,0.000000000000000e+00,0.000000000000000e+00,0.000000000000000e+00,3.797641634159208e+24,7.061361912944325e+24,9.669613893544742e+11,4.122547624479749e+00,1.036607431517015e+16,2.914405343448331e+06,9.432141765561326e+04,2.103785093163260e+24,2.103785093163260e+24,7.110541131490248e+00,1.289855712744452e+07,9.999999959377207e-01,1.000000000000014e-10,1.000000000000014e-10,9.999999999991315e-01,3.326588232578080e+10,3.239113795928161e+10,0.000000000000000e+00,4.451382291608414e+10,3.462018851637181e+10,1.349662950929527e+16,2.000000000000000e+14,9.999999959377207e-01,1.000000000000014e-10,1.000000000000014e-10,9.999999999991315e-01,
1.289840997240137e+07,3.387121386272090e+11,7.061365918985879e+06,0.000000000000000e+00,1.675036514342528e+25,9.690160284544522e+24,4.465500323027608e+09,1.305735005470796e-03,1.289840997240135e-03,1.289840997240135e-03,1.289840997238800e+07,0.000000000000000e+00,0.000000000000000e+00,-2.000000000000000e+14,0.000000000000000e+00,0.000000000000000e+00,0.000000000000000e+00,0.000000000000000e+00,0.000000000000000e+00,0.000000000000000e+00,0.000000000000000e+00,3.797155998468179e+24,7.060204858880759e+24,9.617770132567024e+11,4.453550923167357e+00,1.027706021938798e+16,2.183966151303142e+06,1.104482007565242e+05,2.081286549143486e+24,2.081286549143486e+24,7.110536176750959e+00,1.289840997240137e+07,9.987688494302093e-01,1.000000000000011e-10,1.000000000000011e-10,9.999999999990767e-01,3.018106030374549e+10,3.866211416694908e+10,0.000000000000000e+00,4.253581198374185e+10,3.070493822047606e+10,1.349550797608635e+16,2.000000000000000e+14,9.987688494302093e-01,1.000000000000011e-10,1.000000000000011e-10,9.999999999990767e-01,

