CheckPointVersion_1.0
2
6.943893543608056e-05
0
0
(0 (0,0)(7812.5,7812.5) 1)
(RealBox 0 1000000 0 500000 )((0,0) (127,63) (0,0)) 

7.3128537093184034e-09 
7.3128537093184034e-09 
1 
10000 
10000 
0
(0 (0,0)(7812.5,7812.5) 1)
(RealBox 0 1000000 0 500000 )((0,0) (127,63) (0,0))
(2 0
((0,0) (63,63) (0,0))
((64,0) (127,63) (0,0))
)4
((0,0) (127,63) (0,0))
(2 0
((0,0) (63,63) (0,0))
((64,0) (127,63) (0,0))
)6.9431622582371243e-05
6.9431622582371243e-05
6.943893543608056e-05
6.943893543608056e-05
1
Level_0/SD_0_New_MF
((0,0) (127,63) (0,0))
(2 0
((0,0) (63,63) (0,0))
((64,0) (127,63) (0,0))
)6.9431622582371243e-05
6.9431622582371243e-05
6.943893543608056e-05
6.943893543608056e-05
1
Level_0/SD_1_New_MF
((0,0) (127,63) (0,0))
(2 0
((0,0) (63,63) (0,0))
((64,0) (127,63) (0,0))
)6.9431622582371243e-05
6.9431622582371243e-05
6.943893543608056e-05
6.943893543608056e-05
0
((0,0) (127,63) (0,0))
(2 0
((0,0) (63,63) (0,0))
((64,0) (127,63) (0,0))
)6.9431622582371243e-05
6.9431622582371243e-05
6.943893543608056e-05
6.943893543608056e-05
0
