1
0
11
0
(2 0
((0,0) (63,63) (0,0))
((64,0) (127,63) (0,0))
)
2
FabOnDisk: SD_0_New_MF_D_0000 0
FabOnDisk: SD_0_New_MF_D_0000 360531

2,11
1.963312253037636e-05,-1.244341655017553e+13,-8.931492698115643e+15,0.000000000000000e+00,4.065724301991086e+19,4.040956827975823e+19,2.703260603502921e+08,1.204794994255270e-06,1.963312253037630e-15,1.963312253037630e-15,2.513690202085369e-12,
1.965942970778556e-05,-4.102734585297232e+14,-8.896552815960110e+15,0.000000000000000e+00,4.076203449326884e+19,3.994047326176562e+19,2.694964612175076e+08,1.872810370555637e-06,1.965942970778554e-15,1.965942970778554e-15,2.631823256243430e-08,

2,11
9.595829177957162e+06,3.986557783658177e+14,1.425882000214014e+14,0.000000000000000e+00,2.509851570534167e+25,2.094574551476414e+25,5.719800580133428e+09,9.796617798183641e-04,9.595829177957208e-04,9.595829177957208e-04,9.595829177938415e+06,
9.572957239702560e+06,1.708402043576530e+13,1.676984466137824e+14,0.000000000000000e+00,2.502040040462451e+25,2.088639446520671e+25,5.715952678427516e+09,9.729256337229981e-04,9.572957239702521e-04,9.572957239702521e-04,9.572957239686925e+06,

